function f=Binh(xx)
% Binh
x=xx';

% y(1,:) = x(1,:).^2+x(2,:).^2;
% y(2,:) = (x(1,:)-5).^2+(x(2,:)-5).^2;

y(1,:) = 0.0000024296*x(1,:).^2+0.0049201*x(2,:).^2-0.00043915*x(3,:).^2-0.00018817*x(1,:)*x(2,:)+0.000007057*x(1,:)*x(3,:)+0.0029386*x(2,:)*x(3,:)+37.5;
y(2,:) = 68.45+450/x(2,:);
y(3,:) = 0.1434*y(1,:)+450/x(2,:);


f=y';
